34, 52, 0.2887068525224621, 1.5627880693099108, 5, 18, 0.05316646522484243, 0.005447277442442833, 6261
34, 30, 0.9824041857683918, 0.5289632262720319, 7, 18, 0.05537549015631681, 0.07033299565127418, 30441
35, 28, 0.5263836017358909, 1.1875703410135696, 8, 15, 0.052503323481425924, 0.09385738869717287, 43176
34, 86, 0.6596554614435781, 1.072874606671844, 2, 18, 0.08355738566806542, 0.06281107488248998, 26396
34, 64, 0.9189951665715601, 0.9970269974948587, 7, 15, 0.03348857004698563, 0.008639674919580254, 3586
34, 43, 0.5094916069105592, 0.6369942377271081, 6, 25, 0.06302542688919045, 0.06005534476196567, 36021
34, 93, 0.6366409881525161, 1.5536662067062064, 9, 14, 0.007701675136449593, 0.07874596031884654, 15066
35, 150, 0.3205744352484684, 1.241869150723714, 5, 20, 0.07803652040380954, 0.076746516292177, 44921
35, 52, 0.9165617310540415, 0.13144963246993502, 3, 20, 0.04614581557456247, 0.07398887094060567, 38811
33, 80, 0.19254102608384505, 0.5680859933528799, 9, 18, 0.09427966383481018, 0.07788971896935565, 17221
34, 191, 0.7535767367153228, 1.253891867650879, 7, 12, 0.03044323489166134, 0.028708453622456477, 39541
34, 167, 0.5483767431665625, 0.35224963355874417, 4, 18, 0.08259868884764605, 0.032744023000957204, 31206
34, 46, 0.8990099389178621, 0.5429936881118782, 9, 13, 0.03998787644313914, 0.09756127267705603, 21231
35, 178, 0.6506201348836352, 0.06639325372694804, 3, 10, 0.009356109563188043, 0.0798649053419157, 23971
35, 122, 0.7854002524611443, 0.9750045159482483, 3, 24, 0.028607888730844157, 0.0027788910520565313, 12236
34, 100, 0.9104545611489885, 1.4690676549569743, 9, 21, 0.03147925574596333, 0.09942386347254795, 32801
33, 161, 0.15501049147176615, 0.07293377872423101, 9, 18, 0.07723096075605457, 0.02792029167467638, 28686
34, 175, 0.08743872105980544, 0.6936982936433209, 8, 14, 0.04036958468172402, 0.09748065509070822, 43216
33, 64, 0.3260206683145461, 1.8010702359899309, 7, 17, 0.0438114070283989, 0.07878117137212223, 49146
34, 93, 0.6161505455993056, 0.6601011621305057, 2, 15, 0.06461453031896369, 0.06557607086071765, 19541
35, 183, 0.5591847761298252, 0.39620533784318934, 2, 13, 0.042154855473161085, 0.05550295079251092, 43541
34, 186, 0.8521245312826722, 0.44566742538743953, 4, 28, 0.011597918614631976, 0.09470882712543596, 17531
34, 188, 0.5648627303197353, 0.7953240390764851, 9, 14, 0.019729834539672055, 0.013846429724066911, 2506
34, 33, 0.6315686967528507, 0.7043358469254744, 8, 19, 0.09981865894808273, 0.057838770412259426, 22101
34, 124, 0.18852602112501604, 0.8202517896471457, 3, 17, 0.0010311226984670685, 0.010221568324775733, 7976
33, 147, 0.8089384426350172, 0.5484731262325453, 9, 10, 0.012922085523110183, 0.016503962040014853, 29546
34, 184, 0.10553883685142984, 0.8344236842262258, 6, 16, 0.04240703562712567, 0.07491095309750759, 11781
34, 130, 0.6422309850400855, 1.8975569667567527, 2, 28, 0.058153547799937325, 0.05110726320188187, 43586
32, 117, 0.8796283528658372, 1.0367734907533321, 7, 19, 0.03617830845610466, 0.08939779541663045, 13916
34, 116, 0.3096579416005385, 0.9313063794198013, 6, 23, 0.04991905611219741, 0.09663461090940792, 44396
35, 45, 0.22756099497020843, 0.22150150460374718, 5, 18, 0.008339399643316548, 0.08809618058055668, 13291
33, 167, 0.6405360413243529, 1.0983538574753648, 8, 29, 0.014652836124839464, 0.028350430559514275, 22551
34, 52, 0.04233339139360792, 0.6256557740995248, 9, 27, 0.08408726838186538, 0.05386434445774627, 13141
34, 189, 0.020894483504308448, 1.6778218710416344, 8, 25, 0.08454936040634879, 0.06008497932835906, 39221
35, 186, 0.053344352087956626, 0.2575238630806267, 7, 15, 0.0559016402595735, 0.06354947545376925, 24511
35, 104, 0.8838955411785709, 1.7709402763268904, 9, 20, 0.026122042901599054, 0.051263888889803426, 27486
34, 174, 0.6561611403336671, 0.4808004845349034, 8, 11, 0.0037369756522076195, 0.06726661341543971, 8341
33, 55, 0.07863330319553574, 1.5613047751116342, 7, 23, 0.06404057539579132, 0.059003427588628504, 35346
35, 106, 0.5714216831466954, 0.1610735472265068, 5, 26, 0.020094259739115595, 0.09800504526115456, 21511
34, 135, 0.7052602980871734, 1.9206924698667902, 3, 21, 0.05166579758245796, 0.007049431147363939, 8251
34, 86, 0.8359190017090262, 1.9534644929714755, 2, 12, 0.05427853609821114, 0.0018735595810467354, 21636
35, 139, 0.8313017836894087, 0.13103082238125263, 5, 16, 0.05237581097515447, 0.019841888118028464, 33436
34, 128, 0.017809286973322513, 1.6992915124885062, 5, 26, 0.09429882847002291, 0.009122069735959415, 2511
34, 182, 0.16353872894102728, 0.8306152238695992, 7, 16, 0.016715170287800396, 0.007233641509540901, 39136
34, 165, 0.6986045769593741, 0.4951520331542323, 7, 23, 0.030204664418444972, 0.07042637598385731, 10336
33, 55, 0.7983634398090357, 0.5744207845495792, 3, 17, 0.04933117184269471, 0.08216456576473918, 1906
33, 175, 0.6420715746016467, 1.9010384229010842, 4, 16, 0.038104524012447495, 0.024752090751484202, 41
33, 104, 0.2889187889891607, 0.6030585767587935, 6, 10, 0.08970839032669654, 0.09024790405744748, 4841
33, 113, 0.11171962987826844, 1.1099432303232244, 3, 15, 0.002904713638558132, 0.084694895686416, 14056
34, 118, 0.364176950404826, 0.16770585218236533, 9, 20, 0.05463100017450258, 0.07426397481420596, 45436
34, 140, 0.02711333064433541, 1.7816097839563398, 3, 24, 0.009343098222904378, 0.09362232648606435, 34436
33, 111, 0.9029968192964418, 1.5754751338445578, 3, 11, 0.08605560548223487, 0.033342605591968555, 38891
34, 38, 0.42651536461199036, 0.6837608915801565, 6, 17, 0.02367022497278426, 0.08522767429286437, 21921
34, 115, 0.20428392427325037, 1.0424794019805113, 7, 16, 0.030485726676459837, 0.0990967710670873, 8361
34, 192, 0.3781348790585206, 0.9269284376931923, 9, 24, 0.015560318369701488, 0.05393177552549532, 12496
35, 50, 0.19483693846340744, 0.07015296007121896, 4, 20, 0.0921990176757364, 0.07866599816478022, 38976
34, 28, 0.9353746529237427, 1.2656381926827716, 5, 29, 0.08968537187643183, 0.05530236288603355, 31821
33, 154, 0.5854667314445965, 1.7471809785319568, 2, 23, 0.09100976829120129, 0.08305411774511479, 14981
34, 102, 0.9662037642701918, 1.5224587068661641, 5, 18, 0.05333525548464194, 0.03136112345927635, 42621
33, 179, 0.05931158514736157, 1.4904257678456232, 8, 10, 0.029617482632914652, 0.0709857869113255, 39551
33, 63, 0.7198386420846451, 0.4954347483900954, 5, 27, 0.025931010922459544, 0.05161135015252322, 40996
33, 147, 0.4654405226335214, 0.4608868195480169, 2, 26, 0.05865029480858859, 0.07835620148336969, 25096
32, 77, 0.6600809296061617, 0.5460649640449449, 2, 15, 0.001597822104919533, 0.02677693715079256, 46716
33, 109, 0.11920355744847932, 1.7543658107050604, 2, 23, 0.04641105952101761, 0.05783552461180445, 14191
35, 194, 0.287231567605858, 1.2189344127089687, 7, 15, 0.08681370555695953, 0.037206260509509814, 29226
34, 193, 0.08457516325564873, 0.18912422783133365, 9, 18, 0.05295308347259769, 0.06222530072513304, 7436
34, 23, 0.5010807502511034, 0.25114014009569563, 8, 23, 0.06967101386040893, 0.07466379927259258, 40051
34, 154, 0.9498061198378391, 0.8767075538114588, 8, 21, 0.07526545715688165, 0.09543924517562964, 26176
34, 56, 0.40627814430885323, 1.7412506524280822, 9, 24, 0.025685787146100814, 0.011339407983206918, 32421
33, 173, 0.8759186217168481, 0.8566022483072335, 7, 13, 0.008097128119591979, 0.08221061011046521, 9706
35, 143, 0.8616809891620432, 0.12623153038337454, 9, 23, 0.021600048062428136, 0.0740545682498776, 20806
35, 70, 0.07118242668654506, 1.7063814366416388, 5, 12, 0.0679021111430256, 0.04264723639946756, 26456
34, 115, 0.3609528602216021, 1.2125935372364431, 4, 24, 0.05022318949356222, 0.007079401764078808, 49426
35, 169, 0.3584155399383563, 0.9503320213585658, 4, 24, 0.07189542672218632, 0.09651963416091823, 2486
33, 39, 0.3547089706924875, 1.2472785371001447, 8, 10, 0.009005424796365248, 0.061160741832037804, 31641
33, 149, 0.170492803787609, 1.6461159809527972, 5, 23, 0.0019850606052919995, 0.056295362147531426, 16591
33, 15, 0.3697599583688653, 1.9711352613233304, 5, 29, 0.06951517341152105, 0.08136144388073402, 11416
34, 172, 0.12378756297267512, 0.7756599247362981, 4, 10, 0.0926715493112586, 0.07222788280700182, 40481
33, 61, 0.8544387530370009, 1.5868565301662212, 8, 28, 0.025740815364397596, 0.050341070386474056, 1641
34, 89, 0.6710028616022857, 0.6416937314562747, 8, 22, 0.03863528385375692, 0.010124238261110375, 11416
33, 88, 0.2979566320467485, 1.7752726164968782, 9, 23, 0.05639350213102359, 0.0018849622579352077, 41791
33, 63, 0.9446014835145023, 1.0709565798144447, 6, 13, 0.052386265678600025, 0.042354396769659665, 47911
35, 112, 0.6662209613131036, 0.6341923894124615, 5, 16, 0.014271209480128388, 0.0569386791726221, 21376
32, 163, 0.3470363082330674, 0.1237486370645926, 2, 18, 0.023094522871626635, 0.06626519427959127, 25376
35, 24, 0.7791730592244321, 1.7316100928500258, 7, 22, 0.04401306395489614, 0.0396718151193869, 37361
35, 71, 0.5734679650888659, 1.6055382546566925, 7, 15, 0.0573586289742576, 0.06044519439581615, 17646
33, 58, 0.72768492801653, 1.7808914433308836, 3, 14, 0.052596176874462525, 0.02890045049080008, 6806
35, 169, 0.5268771944708959, 0.2818867375560965, 4, 13, 0.04412693534204755, 0.005934511337092019, 40156
34, 54, 0.032206366422736776, 1.0588093776784802, 4, 26, 0.05925487486055077, 0.02366342350726677, 30996
34, 134, 0.033443475415621204, 1.902500994332574, 8, 29, 0.0033073512833386, 0.007859372082834671, 1706
34, 125, 0.24169645868445133, 1.9115607206733525, 2, 15, 0.0008199323466198228, 0.03795589832653983, 15316
34, 189, 0.8136301836563051, 1.71635741164894, 2, 27, 0.005607985168628038, 0.09827152727446815, 44941
33, 121, 0.11735613131053002, 1.8029522048978208, 9, 18, 0.0460307103641801, 0.09847459586888346, 11151
35, 128, 0.5715527829931955, 1.4179293185280988, 9, 22, 0.0918171510156764, 0.09431726611492641, 17701
35, 40, 0.6686523993155553, 0.684963676811251, 4, 11, 0.06863074082721128, 0.03288606259998228, 46901
34, 12, 0.3826145396480297, 1.3743870611365165, 9, 20, 0.0414432644723105, 0.07011836787049988, 8876
34, 178, 0.37522886740464323, 0.16984841365416226, 5, 15, 0.08042720944172987, 0.03942326937149402, 43511
33, 186, 0.5573626732254588, 0.2432987856735187, 3, 13, 0.09753632306874475, 0.03530857294993143, 22801
34, 170, 0.49933020008975004, 0.8499333193342133, 2, 18, 0.04431086297743824, 0.05321589885024994, 3291
35, 115, 0.5916499645992415, 0.4472877470047725, 9, 17, 0.07470043852585131, 0.0649796825550121, 15481
